1,1,2,3,4,5,6,7,8,9,10,11,12,14,16,18,20,21,65,66,333,335,337
2,26,28,37,41,42,46,51,53,55,57,59,61,92,94,98,100,105,106,107,112,113,114,119,120,121
3,52,58
4,89,90,91,93,95,96,97,99,101,102,108,109,115,116
5,73
6,67,68,69,70,71,72
7
8,80
9,74,75,76,77,78,79
10
11,38,39,40,43,44,45,87,88,103,104,110,111,117,118
12,81,82
13,83,84
14,85,86
15
16
17
18
19
20
21
22,54,56,60,62
23
24
25
26,27,29,32,34,122,123,124,126,128,130,131,133,135,137,138,140,142,144,146,147,149,150,152
27,153,155,157,159,161,162,164,165,167
28,154,156,158,160,163,166
29
30
31,47,48,49,50,63,64,168,169
32
33
34
35
36,23,24,25,30,31,35,36
37,33
38
39
40
41
42
43
44,125,127,129,132,134,136,139,141,143,145,148,151
45
46
47
48
49,179,181,190,194,195,199,204,206,208,210,212,214,245,247,251,253,258,259,260,265,266,267,272,273,274
50,205,211
51,242,243,244,246,248,249,250,252,254,255,261,262,268,269
52,226
53,220,221,222,223,224,225
54
55,233
56,227,228,229,230,231,232
57
58,191,192,193,196,197,198,240,241,256,257,263,264,270,271
59,234,235
60,236,237
61,238,239
62
63
64
65
66
67
68
69,207,209,213,215
70
71
72
73,15,22,180,182,185,186,187,218,219,275,276,277,279,281,283,284,286,288,290,291,293,295,297,299,300,302,303,305,334,336
74
75
76,170,171,172,173,174,175
77
78
79
80,323,324,325,326,327,328
81
82
83
84
85
86
87
88
89
90
91,278,280,282,285,287,289,292,294,296,298,301,304
92
93
94
95,306,308,310,312,314,315,317,318,320
96,307,309,311,313,316,319
97
98
99,17,19,200,201,202,203,216,217,321,322
100
101
102
103
104,176,177,178,183,184,188,189
105,331,332
106,13,338
107
108,329,330
109